BUILDING_POS=[[1.0,0.0,0.0],[2.0,0.0,0.0],[3.0,0.0,0.0],[4.0,0.0,0.0]]

navigation_POS = [[[4.900000,6.731207],[4.725000,8.337130],[6.055000,8.507973],[6.265000,6.594533]],
[[9.870000,2.460137],[8.610000,4.305239],[7.840000,6.150342],[7.875000,8.132118],[8.645000,10.045558],[10.010000,11.309795]],
[[11.830000,2.938497],[10.500000,4.510251],[9.590000,6.594533],[10.395000,8.952164]]]

time_limit = 2.0

highspeed_distance = 3.0
highspeed_velocity = 2.0
hightwist_velocity = 1.0